[
  [-190.4900336302364, 0],
  [190.2850709543236, -0.20496267591274164],
  [-190.49003363023667, 1.8488927466117464e-16],
  [190.28507095432232, -0.20496267591274092],
  [-190.49003363024303, 3.636155735003101e-15],
  [190.2850709542904, -0.2049626759127237],
  [-190.49003363040265, 8.954803869422892e-14],
  [190.28507095349238, -0.2049626759122942],
  [-190.49003363439277, 2.237314297795764e-12],
  [190.2850709335418, -0.20496267590155523],
  [-190.4900337341458, 5.593208707291635e-11],
  [190.28507043477651, -0.20496267563308113],
  [-190.49003622797215, 1.3983027623056118e-9],
  [190.28505796564497, -0.20496266892122805],
  [-190.4900985736351, 3.495757106060744e-8],
  [190.28474623746297, -0.20496250112495784],
  [-190.4916572178628, 8.739407079587652e-7],
  [190.27695309926443, -0.20495830625391795],
  [-190.5306249824535, 0.000021849412078556147],
  [190.08216610386773, -0.20485345679467332],
  [-191.50585719937126, 0.0005467949833859747],
  [185.2382431978869, -0.20224608202470756],
  [-216.55620727456778, 0.014030835095632955],
  [78.03210681592645, -0.14453942966599675],
  [-2182.751483565958, 1.072389536448654],
  [-2179.854287782656, 1.070830041110752]
]